name: flet
channels:
  - conda-forge
dependencies:
  - _openmp_mutex=4.5=2_gnu
  - anyio=3.7.1=pyhd8ed1ab_0
  - backports=1.0=pyhd8ed1ab_3
  - backports.functools_lru_cache=1.6.5=pyhd8ed1ab_0
  - bcrypt=3.2.2=py311hdfa8b44_1
  - blinker=1.6.2=pyhd8ed1ab_0
  - bzip2=1.0.8=hf897c2e_4
  - c-ares=1.19.1=h31becfc_0
  - ca-certificates=2023.7.22=hcefe29a_0
  - certifi=2023.7.22=pyhd8ed1ab_0
  - cffi=1.15.1=py311h2e7898d_3
  - colorama=0.4.6=pyhd8ed1ab_0
  - copier=8.1.0=pyhd8ed1ab_0
  - cryptography=41.0.3=py311hd42d77a_0
  - curl=8.2.1=h4e8248e_0
  - decorator=5.1.1=pyhd8ed1ab_0
  - dunamai=1.18.0=pyhd8ed1ab_0
  - exceptiongroup=1.1.3=pyhd8ed1ab_0
  - flet=0.9.0=pyhd8ed1ab_0
  - flet-core=0.9.0=pyhd8ed1ab_0
  - flet-runtime=0.9.0=pyhd8ed1ab_0
  - funcy=2.0=pyhd8ed1ab_0
  - gettext=0.21.1=ha18d298_0
  - git=2.42.0=pl5321h0d979e1_0
  - h11=0.14.0=pyhd8ed1ab_0
  - h2=4.1.0=pyhd8ed1ab_0
  - hpack=4.0.0=pyh9f0ad1d_0
  - httpcore=0.17.3=pyhd8ed1ab_0
  - httpx=0.24.1=pyhd8ed1ab_0
  - hyperframe=6.0.1=pyhd8ed1ab_0
  - idna=3.4=pyhd8ed1ab_0
  - importlib-metadata=6.8.0=pyha770c72_0
  - jinja2=3.1.2=pyhd8ed1ab_1
  - jinja2-ansible-filters=1.3.2=pyhd8ed1ab_0
  - keyutils=1.6.1=h4e544f5_0
  - krb5=1.21.2=hc419048_0
  - ld_impl_linux-aarch64=2.40=h2d8c526_0
  - libcurl=8.2.1=h4e8248e_0
  - libedit=3.1.20191231=he28a2e2_2
  - libev=4.33=h516909a_1
  - libexpat=2.5.0=hd600fc2_1
  - libffi=3.4.2=h3557bc0_5
  - libgcc-ng=13.1.0=h2b4548d_0
  - libgomp=13.1.0=h2b4548d_0
  - libiconv=1.17=h9cdd2b7_0
  - libnghttp2=1.52.0=h250e5c5_0
  - libnsl=2.0.0=hf897c2e_0
  - libsodium=1.0.18=hb9de7d4_1
  - libsqlite=3.43.0=h194ca79_0
  - libssh2=1.11.0=h492db2e_0
  - libstdcxx-ng=13.1.0=h452befe_0
  - libuuid=2.38.1=hb4cce97_0
  - libzlib=1.2.13=h31becfc_5
  - markupsafe=2.1.3=py311hc8f2f60_0
  - ncurses=6.4=h2e1726e_0
  - oauthlib=3.2.2=pyhd8ed1ab_0
  - openssl=3.1.2=h31becfc_0
  - packaging=23.1=pyhd8ed1ab_0
  - paramiko=3.3.1=pyhd8ed1ab_0
  - pathspec=0.11.2=pyhd8ed1ab_0
  - pcre2=10.40=he7b27c6_0
  - perl=5.32.1=4_h31becfc_perl5
  - pip=23.2.1=pyhd8ed1ab_0
  - plumbum=1.8.2=pyhd8ed1ab_0
  - prompt-toolkit=3.0.39=pyha770c72_0
  - prompt_toolkit=3.0.39=hd8ed1ab_0
  - pycparser=2.21=pyhd8ed1ab_0
  - pydantic=1.10.12=py311hcd402e7_1
  - pygments=2.16.1=pyhd8ed1ab_0
  - pyjwt=2.8.0=pyhd8ed1ab_0
  - pynacl=1.5.0=py311hdfa8b44_2
  - pypng=0.20220715.0=pyhd8ed1ab_0
  - python=3.11.5=h43d1f9e_0_cpython
  - python_abi=3.11=3_cp311
  - pywin32-on-windows=0.1.0=pyh1179c8e_3
  - pyyaml=6.0.1=py311hcd402e7_0
  - pyyaml-include=1.3=pyhd8ed1ab_0
  - qrcode=7.4.2=pyhd8ed1ab_0
  - questionary=2.0.0=pyhd8ed1ab_0
  - readline=8.2=h8fc344f_1
  - repath=0.9.0=pyhd8ed1ab_0
  - setuptools=68.1.2=pyhd8ed1ab_0
  - six=1.16.0=pyh6c4a22f_0
  - sniffio=1.3.0=pyhd8ed1ab_0
  - tk=8.6.12=hd8af866_0
  - typing-extensions=4.7.1=hd8ed1ab_0
  - typing_extensions=4.7.1=pyha770c72_0
  - tzdata=2023c=h71feb2d_0
  - watchdog=3.0.0=py311hfecb2dc_0
  - wcwidth=0.2.6=pyhd8ed1ab_0
  - websocket-client=1.6.2=pyhd8ed1ab_0
  - websockets=11.0.3=py311hcd402e7_0
  - wheel=0.41.2=pyhd8ed1ab_0
  - xz=5.2.6=h9cdd2b7_0
  - yaml=0.2.5=hf897c2e_2
  - zipp=3.16.2=pyhd8ed1ab_0
  - zstd=1.5.5=h4c53e97_0
prefix: /opt/conda/envs/flet